0.000000 8.979724 0.800472
-0.184235 9.148946 0.688224
0.000000 9.148946 0.746995
-0.223244 8.995046 0.664097
-0.282385 9.088237 0.604782
-1.409752 4.458349 0.304914
-1.221265 4.463556 0.372929
-1.057878 4.423204 0.041716
-1.243893 4.411849 0.009712
-1.032784 4.468457 0.358327
-1.429913 4.434511 0.072791
-1.418026 4.757778 0.319848
-1.390486 5.019601 0.242906
-1.322227 5.024168 0.288277
-1.219716 4.764437 0.411984
-1.047806 4.715280 -0.036887
-1.172464 4.981910 0.067854
-1.336249 4.967896 0.046810
-1.243521 4.702221 -0.080358
-1.156920 5.031214 0.278330
-1.021407 4.769720 0.392285
-1.021407 4.769720 0.392285
-1.156920 5.031214 0.278330
-1.172464 4.981910 0.067854
-1.047806 4.715280 -0.036887
-1.402984 4.995910 0.088269
-1.439244 4.728286 0.005318
-1.439244 4.728286 0.005318
-1.402984 4.995910 0.088269
-1.390486 5.019601 0.242906
-1.418026 4.757778 0.319848
-1.396173 4.566594 0.329868
-1.207690 4.573214 0.422006
-1.044299 4.524594 -0.026894
-1.230316 4.511757 -0.070376
-1.019205 4.578367 0.402313
-1.019205 4.578367 0.402313
-1.044299 4.524594 -0.026894
-1.416338 4.537373 0.015324
-1.416338 4.537373 0.015324
-1.396173 4.566594 0.329868
-1.409752 4.458349 0.304914
-1.221265 4.463556 0.372929
-1.057878 4.423204 0.041716
-1.243893 4.411849 0.009712
-1.032784 4.468457 0.358327
-1.032784 4.468457 0.358327
-1.057878 4.423204 0.041716
-1.429913 4.434511 0.072791
-1.429913 4.434511 0.072791
-1.409752 4.458349 0.304914
-1.441885 5.654703 0.090043
-1.441883 5.947081 0.085312
-1.249673 5.946342 0.169917
-1.249673 5.664673 0.237954
-0.992462 5.608728 -0.236271
-0.992463 5.929720 -0.243765
-1.278576 5.918083 -0.284581
-1.278578 5.592458 -0.297272
-1.249673 5.664673 0.237954
-1.249673 5.946342 0.169917
-0.960420 5.954610 0.152434
-0.960419 5.668054 0.156254
-1.467646 5.941417 -0.204119
-1.467647 5.623838 -0.197792
-1.390486 5.019601 0.242906
-1.322227 5.024168 0.288277
-1.172464 4.981910 0.067854
-1.278578 5.592458 -0.297272
-1.336249 4.967896 0.046810
-1.322227 5.024168 0.288277
-1.156920 5.031214 0.278330
-1.336249 4.967896 0.046810
-1.402984 4.995910 0.088269
-1.371557 7.247136 -0.256405
-1.384367 7.537452 -0.449425
-1.360586 7.619265 0.024447
-1.353877 7.240029 0.070571
-1.267475 7.965178 -0.359139
-1.257422 7.997653 -0.023395
-1.267475 7.965178 -0.359139
-1.155247 8.115653 -0.310908
-1.257422 7.997653 -0.023395
-1.154811 8.114158 -0.061590
-1.335228 7.268018 -0.478255
-0.911314 7.260933 -0.493080
-0.942838 7.530521 -0.477836
-1.353877 7.240029 0.070571
-0.941494 7.501596 0.198063
-0.876925 7.239760 0.116778
-1.360586 7.619265 0.024447
-0.940957 8.025702 -0.488234
-1.257422 7.997653 -0.023395
-0.940420 8.063582 0.198063
-0.940957 8.025702 -0.488234
-0.941763 8.197192 -0.363453
-0.940957 8.195815 -0.009906
-0.940420 8.063582 0.198063
-1.155607 6.853894 0.219664
-0.882546 6.728481 0.167827
-0.918895 6.749602 -0.364370
-1.250783 6.839790 -0.517231
-1.413097 6.756669 -0.328692
-1.374278 6.728754 0.051651
-1.374278 6.728754 0.051651
-0.974124 6.526566 -0.394901
-1.357664 6.516784 0.073295
-1.200746 6.505836 0.156517
-1.225413 6.519433 -0.436172
-0.946776 6.516500 0.140076
-1.379649 6.533910 -0.354780
-1.357664 6.516784 0.073295
-1.441867 6.371288 0.094544
-1.357664 6.516784 0.073295
-1.200746 6.505836 0.156517
-1.202741 6.360433 0.249512
-0.904860 6.380876 -0.423794
-1.237276 6.373806 -0.509936
-1.202741 6.360433 0.249512
-0.866571 6.371007 0.171611
-1.472649 6.388154 -0.377494
-1.441867 6.371288 0.094544
-1.495939 6.016517 0.130812
-1.256812 6.015769 0.236909
-0.958931 5.998819 -0.281860
-1.291348 5.986954 -0.333044
-1.256812 6.015769 0.236909
-0.920643 6.024194 0.214986
-1.526723 6.010746 -0.232146
-1.495939 6.016517 0.130812
-1.441883 5.947081 0.085312
-1.249673 5.946342 0.169917
-0.992463 5.929720 -0.243765
-1.278576 5.918083 -0.284581
-1.249673 5.946342 0.169917
-0.960420 5.954610 0.152434
-1.467646 5.941417 -0.204119
-1.441883 5.947081 0.085312
-0.899011 5.024672 0.042086
-1.026153 3.307533 -0.321859
-0.601865 5.024150 -0.324175
-0.046002 3.167598 0.055953
0.000000 4.865363 0.537745
0.000000 4.907067 0.102744
-0.153504 3.100055 0.447625
-0.407636 4.891292 0.576219
-0.633545 3.150221 0.503431
-1.050505 3.262774 0.382462
-0.751336 4.993477 0.455251
-1.050505 3.262774 0.382462
-0.751336 4.993477 0.455251
-0.577566 3.295960 -0.559867
-0.361492 5.023605 -0.396959
0.000000 5.025027 -0.387716
-0.156861 3.297526 -0.550626
-0.295785 2.727757 0.277651
-0.232323 2.782026 -0.056389
-0.579165 2.763946 0.311812
-0.931072 2.875475 -0.109434
-0.825309 2.845139 0.237762
-0.825309 2.845139 0.237762
-1.050505 3.262774 0.382462
-0.633545 3.150221 0.503431
-0.579165 2.763946 0.311812
-0.653075 2.874629 -0.378193
-0.297766 2.875757 -0.372536
-0.291200 2.102932 0.049213
-0.295785 2.727757 0.277651
-0.232323 2.782026 -0.056389
-0.211587 2.204557 -0.310014
-0.646699 2.217131 0.135733
-0.579165 2.763946 0.311812
-0.295785 2.727757 0.277651
-0.291200 2.102932 0.049213
-0.955486 2.203526 -0.034447
-0.931072 2.875475 -0.109434
-0.825309 2.845139 0.237762
-1.006699 2.204815 -0.312183
-0.825309 2.845139 0.237762
-0.955486 2.203526 -0.034447
-0.712197 2.214068 -0.707977
-0.653075 2.874629 -0.378193
-0.297766 2.875757 -0.372536
-0.293683 2.203150 -0.593583
-0.500362 0.483362 -0.277679
-0.464108 0.547725 -0.477539
-0.627549 0.502600 -0.252523
-0.500362 0.483362 -0.277679
-0.757267 0.547885 -0.478753
-0.738384 0.547084 -0.307057
-0.738384 0.547084 -0.307057
-0.609250 0.553640 -0.621360
-0.494376 0.554241 -0.617195
-0.431744 0.016035 0.429757
-0.874815 0.016035 0.510448
-0.505401 0.007041 0.614833
-0.955844 0.016035 0.429757
-0.426406 0.016035 0.222369
-0.955844 0.016035 0.124387
-0.445127 0.015240 -0.601296
-0.855865 0.015240 -0.601296
-0.568206 0.015240 -0.717850
-0.761668 0.015240 -0.717850
-0.462068 0.365004 -0.140259
-0.500362 0.483362 -0.277679
-0.464108 0.547725 -0.477539
-0.421514 0.427842 -0.429488
-0.643166 0.384175 -0.103856
-0.627549 0.502600 -0.252523
-0.500362 0.483362 -0.277679
-0.462068 0.365004 -0.140259
-0.826556 0.428003 -0.431249
-0.757267 0.547885 -0.478753
-0.738384 0.547084 -0.307057
-0.800466 0.427202 -0.182776
-0.800466 0.427202 -0.182776
-0.738384 0.547084 -0.307057
-0.622051 0.433720 -0.637624
-0.609250 0.553640 -0.621360
-0.494376 0.554241 -0.617195
-0.463335 0.434317 -0.631599
-0.463335 0.434317 -0.631599
-0.494376 0.554241 -0.617195
-0.609250 0.553640 -0.621360
-0.622051 0.433720 -0.637624
-0.505401 0.007041 0.614833
-0.516077 0.153194 0.623799
-0.442420 0.119466 0.429757
-0.431744 0.016035 0.429757
-0.437082 0.127336 0.231335
-0.426406 0.016035 0.222369
-0.452373 0.133183 -0.583364
-0.445127 0.015240 -0.601296
-0.452373 0.133183 -0.583364
-0.575452 0.159886 -0.717850
-0.445127 0.015240 -0.601296
-0.568206 0.015240 -0.717850
-0.945168 0.119466 0.429757
-0.864138 0.162187 0.519414
-0.874815 0.016035 0.510448
-0.955844 0.016035 0.429757
-0.945168 0.127336 0.133353
-0.955844 0.016035 0.124387
-0.848619 0.133183 -0.583364
-0.855865 0.015240 -0.601296
-0.754422 0.159886 -0.717850
-0.761668 0.015240 -0.717850
-0.754422 0.159886 -0.717850
-0.761668 0.015240 -0.717850
-0.505401 0.007041 0.614833
-0.864138 0.162187 0.519414
-0.516077 0.153194 0.623799
-0.874815 0.016035 0.510448
-0.516077 0.153194 0.623799
-0.852569 0.258229 0.293715
-0.494909 0.244739 0.293715
-0.864138 0.162187 0.519414
-0.852569 0.258229 0.293715
-0.494909 0.244739 0.293715
-0.128419 8.511672 0.545629
-0.293238 8.528171 0.309072
-0.259971 8.640746 0.334327
-0.259971 8.640746 0.334327
-0.293238 8.528171 0.309072
-0.296704 8.726851 0.057403
0.000000 8.146344 0.493676
0.000000 8.489095 0.545629
-0.321872 8.254926 0.291649
-0.371784 8.389874 -0.042257
-0.321872 8.254926 0.291649
-0.152314 8.747645 -0.056194
0.000000 8.462893 -0.190839
0.000000 8.752351 -0.084844
0.000000 8.530683 0.746995
-0.161679 8.540698 0.650436
-0.213492 8.860097 0.688460
0.000000 8.814132 0.800472
0.000000 8.883079 0.823981
0.000000 8.979724 0.800472
-0.223244 8.995046 0.664097
0.000000 9.368596 0.727227
-0.184235 9.148946 0.688224
-0.174483 9.367640 0.603809
0.000000 9.148946 0.746995
0.000000 9.368596 0.727227
-0.184235 9.487267 0.524201
0.000000 9.542661 0.612357
-0.174483 9.367640 0.603809
0.000000 8.489095 0.545629
-0.128419 8.511672 0.545629
-0.259971 8.640746 0.334327
-0.288688 9.321834 0.505028
-0.282385 9.088237 0.604782
-0.223244 8.995046 0.664097
-0.326188 8.980578 0.576495
-0.282385 9.088237 0.604782
-0.213492 8.860097 0.688460
-0.294783 8.844773 0.591848
-0.294783 8.844773 0.591848
-0.361829 8.979709 0.282769
-0.259971 8.640746 0.334327
-0.314614 8.727977 0.285113
-0.375658 9.094958 0.290629
-0.288688 9.321834 0.505028
-0.360884 9.316415 0.290629
-0.288688 9.321834 0.505028
-0.287029 9.476333 0.300649
-0.360884 9.316415 0.290629
-0.171223 9.570329 0.417262
0.000000 9.589480 0.397156
-0.183413 9.555207 0.064156
0.000000 9.588725 0.064156
-0.293124 9.469026 0.059381
-0.360170 9.330173 0.059381
-0.360170 9.330173 0.059381
-0.390646 9.109923 0.059381
-0.354075 8.975860 0.059381
-0.296704 8.726851 0.057403
-0.154596 9.484832 -0.037093
-0.185072 9.331614 -0.070519
-0.185072 9.331614 -0.070519
-0.215547 9.111367 -0.094394
-0.227737 8.967727 -0.080069
-0.152314 8.747645 -0.056194
0.000000 8.958152 -0.127820
0.000000 8.752351 -0.084844
0.000000 9.130519 -0.151696
0.000000 9.345979 -0.137370
0.000000 9.345979 -0.137370
0.000000 9.503983 -0.070519
0.184235 9.148946 0.688224
0.223244 8.995046 0.664097
0.282385 9.088237 0.604782
1.057878 4.423204 0.041716
1.221265 4.463556 0.372929
1.409752 4.458349 0.304914
1.243893 4.411849 0.009712
1.032784 4.468457 0.358327
1.429913 4.434511 0.072791
1.322227 5.024168 0.288277
1.390486 5.019601 0.242906
1.418026 4.757778 0.319848
1.219716 4.764437 0.411984
1.336249 4.967896 0.046810
1.172464 4.981910 0.067854
1.047806 4.715280 -0.036887
1.243521 4.702221 -0.080358
1.156920 5.031214 0.278330
1.021407 4.769720 0.392285
1.172464 4.981910 0.067854
1.156920 5.031214 0.278330
1.021407 4.769720 0.392285
1.047806 4.715280 -0.036887
1.402984 4.995910 0.088269
1.439244 4.728286 0.005318
1.390486 5.019601 0.242906
1.402984 4.995910 0.088269
1.439244 4.728286 0.005318
1.418026 4.757778 0.319848
1.396173 4.566594 0.329868
1.207690 4.573214 0.422006
1.044299 4.524594 -0.026894
1.230316 4.511757 -0.070376
1.019205 4.578367 0.402313
1.019205 4.578367 0.402313
1.044299 4.524594 -0.026894
1.416338 4.537373 0.015324
1.416338 4.537373 0.015324
1.396173 4.566594 0.329868
1.409752 4.458349 0.304914
1.221265 4.463556 0.372929
1.057878 4.423204 0.041716
1.243893 4.411849 0.009712
1.032784 4.468457 0.358327
1.032784 4.468457 0.358327
1.057878 4.423204 0.041716
1.429913 4.434511 0.072791
1.429913 4.434511 0.072791
1.409752 4.458349 0.304914
1.249673 5.946342 0.169917
1.441883 5.947081 0.085312
1.441885 5.654703 0.090043
1.249673 5.664673 0.237954
1.278576 5.918083 -0.284581
0.992463 5.929720 -0.243765
0.992462 5.608728 -0.236271
1.278578 5.592458 -0.297272
0.960419 5.954610 0.152434
1.249673 5.946342 0.169917
1.249673 5.664673 0.237954
0.960419 5.668054 0.156254
1.467646 5.941417 -0.204119
1.467647 5.623838 -0.197792
1.390486 5.019601 0.242906
1.322227 5.024168 0.288277
1.172464 4.981910 0.067854
1.336249 4.967896 0.046810
1.278578 5.592458 -0.297272
1.322227 5.024168 0.288277
1.156920 5.031214 0.278330
1.336249 4.967896 0.046810
1.402984 4.995910 0.088269
1.360586 7.619265 0.024447
1.384367 7.537452 -0.449425
1.371557 7.247136 -0.256405
1.353877 7.240029 0.070571
1.267475 7.965178 -0.359139
1.257422 7.997653 -0.023395
1.257422 7.997653 -0.023395
1.155247 8.115653 -0.310908
1.267475 7.965178 -0.359139
1.154811 8.114158 -0.061590
0.942837 7.530521 -0.477836
0.911314 7.260933 -0.493080
1.335228 7.268018 -0.478255
0.876925 7.239760 0.116778
0.941494 7.501596 0.198063
1.353877 7.240029 0.070571
1.360586 7.619265 0.024447
0.940957 8.025702 -0.488234
0.940419 8.063582 0.198063
1.257422 7.997653 -0.023395
0.941763 8.197192 -0.363453
0.940957 8.025702 -0.488234
0.940957 8.195815 -0.009906
0.940419 8.063582 0.198063
1.155607 6.853894 0.219664
0.882545 6.728481 0.167827
0.918895 6.749602 -0.364370
1.250783 6.839790 -0.517231
1.413097 6.756669 -0.328692
1.374278 6.728754 0.051651
1.374278 6.728754 0.051651
0.974124 6.526566 -0.394901
1.357664 6.516784 0.073295
1.200746 6.505836 0.156517
1.225413 6.519433 -0.436172
0.946776 6.516500 0.140076
1.379649 6.533910 -0.354780
1.357664 6.516784 0.073295
1.200746 6.505836 0.156517
1.357664 6.516784 0.073295
1.441867 6.371288 0.094544
1.202741 6.360433 0.249512
0.904860 6.380876 -0.423794
1.237276 6.373806 -0.509936
1.202741 6.360433 0.249512
0.866570 6.371007 0.171611
1.472649 6.388154 -0.377494
1.441867 6.371288 0.094544
1.495939 6.016517 0.130812
1.256812 6.015769 0.236909
0.958931 5.998819 -0.281860
1.291348 5.986954 -0.333044
1.256812 6.015769 0.236909
0.920643 6.024194 0.214986
1.526723 6.010746 -0.232146
1.495939 6.016517 0.130812
1.441883 5.947081 0.085312
1.249673 5.946342 0.169917
0.992463 5.929720 -0.243765
1.278576 5.918083 -0.284581
1.249673 5.946342 0.169917
0.960419 5.954610 0.152434
1.467646 5.941417 -0.204119
1.441883 5.947081 0.085312
0.601865 5.024150 -0.324175
1.026153 3.307533 -0.321859
0.899011 5.024672 0.042086
0.046002 3.167598 0.055953
0.153504 3.100055 0.447625
0.407636 4.891292 0.576219
0.633545 3.150221 0.503431
0.751336 4.993477 0.455251
1.050505 3.262774 0.382462
0.751336 4.993477 0.455251
1.050505 3.262774 0.382462
0.361492 5.023605 -0.396959
0.577566 3.295960 -0.559867
0.156861 3.297526 -0.550626
0.295785 2.727757 0.277651
0.232323 2.782026 -0.056389
0.579165 2.763946 0.311812
0.931072 2.875475 -0.109434
0.825309 2.845139 0.237762
0.633545 3.150221 0.503431
1.050505 3.262774 0.382462
0.825309 2.845139 0.237762
0.579165 2.763946 0.311812
0.653075 2.874629 -0.378193
0.297766 2.875757 -0.372536
0.232323 2.782026 -0.056389
0.295785 2.727757 0.277651
0.291199 2.102932 0.049213
0.211586 2.204557 -0.310014
0.295785 2.727757 0.277651
0.579165 2.763946 0.311812
0.646699 2.217131 0.135733
0.291199 2.102932 0.049213
0.825309 2.845139 0.237762
0.931072 2.875475 -0.109434
0.955485 2.203526 -0.034447
1.006699 2.204815 -0.312183
0.825309 2.845139 0.237762
0.955485 2.203526 -0.034447
0.653075 2.874629 -0.378193
0.712197 2.214068 -0.707977
0.297766 2.875757 -0.372536
0.293682 2.203150 -0.593583
0.500362 0.483362 -0.277679
0.464107 0.547725 -0.477539
0.627549 0.502600 -0.252523
0.500362 0.483362 -0.277679
0.757267 0.547885 -0.478753
0.738384 0.547084 -0.307057
0.738384 0.547084 -0.307057
0.609249 0.553640 -0.621360
0.494376 0.554241 -0.617195
0.505400 0.007041 0.614833
0.874815 0.016035 0.510448
0.431743 0.016035 0.429757
0.955844 0.016035 0.429757
0.426405 0.016035 0.222369
0.955844 0.016035 0.124387
0.445127 0.015240 -0.601296
0.855864 0.015240 -0.601296
0.568206 0.015240 -0.717850
0.761668 0.015240 -0.717850
0.464107 0.547725 -0.477539
0.500362 0.483362 -0.277679
0.462068 0.365004 -0.140259
0.421514 0.427842 -0.429488
0.500362 0.483362 -0.277679
0.627549 0.502600 -0.252523
0.643165 0.384175 -0.103856
0.462068 0.365004 -0.140259
0.738384 0.547084 -0.307057
0.757267 0.547885 -0.478753
0.826555 0.428003 -0.431249
0.800466 0.427202 -0.182776
0.738384 0.547084 -0.307057
0.800466 0.427202 -0.182776
0.609249 0.553640 -0.621360
0.622051 0.433720 -0.637624
0.494376 0.554241 -0.617195
0.463335 0.434317 -0.631599
0.609249 0.553640 -0.621360
0.494376 0.554241 -0.617195
0.463335 0.434317 -0.631599
0.622051 0.433720 -0.637624
0.442420 0.119466 0.429757
0.516077 0.153194 0.623799
0.505400 0.007041 0.614833
0.431743 0.016035 0.429757
0.437082 0.127336 0.231335
0.426405 0.016035 0.222369
0.452373 0.133183 -0.583364
0.445127 0.015240 -0.601296
0.445127 0.015240 -0.601296
0.575452 0.159886 -0.717850
0.452373 0.133183 -0.583364
0.568206 0.015240 -0.717850
0.874815 0.016035 0.510448
0.864138 0.162187 0.519414
0.945167 0.119466 0.429757
0.955844 0.016035 0.429757
0.945167 0.127336 0.133353
0.955844 0.016035 0.124387
0.848618 0.133183 -0.583364
0.855864 0.015240 -0.601296
0.754421 0.159886 -0.717850
0.761668 0.015240 -0.717850
0.754421 0.159886 -0.717850
0.761668 0.015240 -0.717850
0.516077 0.153194 0.623799
0.864138 0.162187 0.519414
0.505400 0.007041 0.614833
0.874815 0.016035 0.510448
0.494909 0.244739 0.293715
0.852568 0.258229 0.293715
0.516077 0.153194 0.623799
0.864138 0.162187 0.519414
0.852568 0.258229 0.293715
0.494909 0.244739 0.293715
0.259971 8.640746 0.334327
0.293238 8.528171 0.309072
0.128419 8.511672 0.545629
0.296703 8.726851 0.057403
0.293238 8.528171 0.309072
0.259971 8.640746 0.334327
0.321872 8.254926 0.291649
0.371784 8.389874 -0.042257
0.321872 8.254926 0.291649
0.152314 8.747645 -0.056194
0.213491 8.860097 0.688460
0.161679 8.540698 0.650436
0.223244 8.995046 0.664097
0.174483 9.367640 0.603809
0.184235 9.148946 0.688224
0.184235 9.487267 0.524201
0.174483 9.367640 0.603809
0.128419 8.511672 0.545629
0.259971 8.640746 0.334327
0.288688 9.321834 0.505028
0.282385 9.088237 0.604782
0.282385 9.088237 0.604782
0.326188 8.980578 0.576495
0.223244 8.995046 0.664097
0.213491 8.860097 0.688460
0.294783 8.844773 0.591848
0.294783 8.844773 0.591848
0.361829 8.979709 0.282769
0.314614 8.727977 0.285113
0.259971 8.640746 0.334327
0.375658 9.094958 0.290629
0.288688 9.321834 0.505028
0.360883 9.316415 0.290629
0.288688 9.321834 0.505028
0.287029 9.476333 0.300649
0.360883 9.316415 0.290629
0.171222 9.570329 0.417262
0.183412 9.555207 0.064156
0.293124 9.469026 0.059381
0.360170 9.330173 0.059381
0.360170 9.330173 0.059381
0.390645 9.109923 0.059381
0.354075 8.975860 0.059381
0.296703 8.726851 0.057403
0.154596 9.484832 -0.037093
0.185071 9.331614 -0.070519
0.185071 9.331614 -0.070519
0.215547 9.111367 -0.094394
0.227737 8.967727 -0.080069
0.152314 8.747645 -0.056194
-0.940957 8.195815 -0.009906
-0.941763 8.197192 -0.363453
-0.371784 8.389874 -0.042257
-0.696216 5.991531 0.031688
-0.438334 6.024806 -0.269867
-0.687897 6.222376 0.000492
-0.496566 6.261891 -0.280265
-0.787722 6.422025 0.000492
-0.563116 6.409548 -0.280265
-0.911314 7.260933 -0.493080
-0.876925 7.239760 0.116778
-0.305234 6.015793 -0.327636
-0.321872 6.261198 -0.400425
-0.330191 6.437971 -0.400425
-0.405059 7.465337 -0.597995
-0.942838 7.530521 -0.477836
-0.940957 8.025702 -0.488234
-0.413378 7.974860 -0.618792
-0.413378 8.192534 -0.477836
0.000000 6.014702 -0.311019
0.000000 6.264265 -0.318582
0.000000 6.423077 -0.318582
0.000000 7.497919 -0.512497
0.000000 8.105187 -0.501405
0.000000 8.238288 -0.412672
0.000000 8.462893 -0.190839
-0.752178 5.864669 0.011080
-0.502616 5.864669 -0.306545
-0.321116 5.864669 -0.389733
0.000000 5.864669 -0.397295
-0.800839 5.744725 -0.007826
-0.529841 5.747578 -0.317574
-0.859995 5.354668 0.042086
-0.554797 5.336395 -0.361940
-0.321872 5.744012 -0.439186
-0.321872 5.345901 -0.457012
0.000000 5.338294 -0.457039
0.000000 5.748289 -0.451097
-0.899011 5.024672 0.042086
-0.601865 5.024150 -0.324175
-0.361492 5.023605 -0.396959
0.000000 5.025027 -0.387716
0.371784 8.389874 -0.042257
0.941763 8.197192 -0.363453
0.940957 8.195815 -0.009906
0.687896 6.222376 0.000492
0.438334 6.024806 -0.269867
0.696215 5.991531 0.031688
0.496565 6.261891 -0.280265
0.787722 6.422025 0.000492
0.563115 6.409548 -0.280265
0.911314 7.260933 -0.493080
0.876925 7.239760 0.116778
0.321872 6.261198 -0.400425
0.305234 6.015793 -0.327636
0.330190 6.437971 -0.400425
0.405059 7.465337 -0.597995
0.942837 7.530521 -0.477836
0.940957 8.025702 -0.488234
0.413378 7.974860 -0.618792
0.413378 8.192534 -0.477836
0.752178 5.864669 0.011080
0.502615 5.864669 -0.306545
0.321115 5.864669 -0.389733
0.800839 5.744725 -0.007826
0.529840 5.747578 -0.317574
0.554797 5.336395 -0.361940
0.859995 5.354668 0.042086
0.321872 5.744012 -0.439186
0.321872 5.345901 -0.457012
0.899011 5.024672 0.042086
0.601865 5.024150 -0.324175
0.361492 5.023605 -0.396959
-0.463291 6.197420 0.614000
0.000000 6.229308 0.717985
0.000000 5.958949 0.728383
-0.504884 5.992225 0.603602
-0.619153 6.415787 0.701187
0.000000 6.401923 0.842766
-0.784669 7.166095 0.520580
-0.615258 7.154043 0.701975
0.000000 7.159524 0.827911
-0.615258 7.439398 0.732592
-0.784669 7.457649 0.556396
-0.763176 8.125144 0.272909
0.000000 8.146344 0.493676
0.000000 7.440513 0.853330
-0.621347 6.241787 0.156469
-0.637984 5.975587 0.200836
-0.729491 6.424799 0.156469
-0.851133 7.242640 0.156469
-0.941494 7.501596 0.198063
-0.940420 8.063582 0.198063
-0.321872 8.254926 0.291649
-0.940957 8.195815 -0.009906
-0.371784 8.389874 -0.042257
-0.687897 6.222376 0.000492
-0.696216 5.991531 0.031688
-0.787722 6.422025 0.000492
-0.876925 7.239760 0.116778
0.000000 5.864669 0.734559
-0.517741 5.864669 0.605997
-0.706803 5.864669 0.199134
-0.752178 5.864669 0.011080
-0.752178 5.864669 0.011080
0.000000 5.368994 0.649355
-0.529841 5.355210 0.525393
-0.756846 5.346851 0.404362
-0.739658 5.739259 0.220372
-0.859995 5.354668 0.042086
-0.800839 5.744725 -0.007826
0.000000 4.865363 0.537745
-0.407636 4.891292 0.576219
-0.751336 4.993477 0.455251
-0.899011 5.024672 0.042086
0.463290 6.197420 0.614000
0.504884 5.992225 0.603602
0.619153 6.415787 0.701187
0.615258 7.154043 0.701975
0.784669 7.166095 0.520580
0.615258 7.439398 0.732592
0.784669 7.457649 0.556396
0.763176 8.125144 0.272909
0.621347 6.241787 0.156469
0.637984 5.975587 0.200836
0.729490 6.424799 0.156469
0.851133 7.242640 0.156469
0.941494 7.501596 0.198063
0.940419 8.063582 0.198063
0.321872 8.254926 0.291649
0.940957 8.195815 -0.009906
0.371784 8.389874 -0.042257
0.687896 6.222376 0.000492
0.696215 5.991531 0.031688
0.787722 6.422025 0.000492
0.876925 7.239760 0.116778
0.517740 5.864669 0.605997
0.706803 5.864669 0.199134
0.752178 5.864669 0.011080
0.529840 5.355210 0.525393
0.756846 5.346851 0.404362
0.739658 5.739259 0.220372
0.859995 5.354668 0.042086
0.800839 5.744725 -0.007826
0.407636 4.891292 0.576219
0.751336 4.993477 0.455251
0.899011 5.024672 0.042086
1.338774 4.674996 0.428523
1.328862 4.617745 0.423514
1.264791 4.674996 0.428523
1.338774 4.770682 -0.665169
1.264791 4.770682 -0.665169
1.328862 4.713431 -0.670179
1.301782 4.575836 0.419847
1.301782 4.671521 -0.673846
1.264791 4.560493 0.418505
1.264791 4.656180 -0.675187
1.227799 4.575836 0.419847
1.227799 4.671521 -0.673846
1.200719 4.617745 0.423514
1.200719 4.713431 -0.670179
1.190808 4.674996 0.428523
1.190808 4.770682 -0.665169
1.200719 4.732250 0.433532
1.200719 4.827935 -0.660161
1.227799 4.774161 0.437198
1.227799 4.869845 -0.656495
1.264791 4.789502 0.438540
1.264791 4.885186 -0.655153
1.301782 4.774161 0.437198
1.301782 4.869845 -0.656495
1.328862 4.732250 0.433532
1.328862 4.827935 -0.660161
1.476973 4.672619 0.455703
1.448545 4.552920 0.445229
1.264791 4.672619 0.455703
1.476973 4.675107 0.427255
1.264791 4.675107 0.427255
1.448545 4.555408 0.416781
1.370882 4.465293 0.437565
1.370882 4.467785 0.409115
1.264791 4.433218 0.434758
1.264791 4.435709 0.406309
1.158700 4.465293 0.437565
1.158700 4.467785 0.409115
1.081036 4.552920 0.445229
1.081036 4.555408 0.416781
1.052609 4.672619 0.455703
1.052609 4.675107 0.427255
1.081036 4.792320 0.466175
1.081036 4.794807 0.437727
1.158700 4.879942 0.473842
1.158700 4.882432 0.445393
1.264791 4.912019 0.476647
1.264791 4.914507 0.448199
1.370882 4.879942 0.473842
1.370882 4.882432 0.445393
1.448545 4.792320 0.466175
1.448545 4.794807 0.437727
1.261536 4.581300 0.437204
1.261536 4.321699 3.971769
1.286306 4.769488 0.453668
1.286306 4.445768 4.153800
1.236766 4.769488 0.453668
1.236766 4.445768 4.153800
0.000000 8.979724 0.800472
-0.184235 9.148946 0.688224
0.000000 9.148946 0.746995
-0.223244 8.995046 0.664097
-0.282385 9.088237 0.604782
-1.409752 4.458349 0.304914
-1.221265 4.463556 0.372929
-1.057878 4.423204 0.041716
-1.243893 4.411849 0.009712
-1.032784 4.468457 0.358327
-1.429913 4.434511 0.072791
-1.418026 4.757778 0.319848
-1.390486 5.019601 0.242906
-1.322227 5.024168 0.288277
-1.219716 4.764437 0.411984
-1.047806 4.715280 -0.036887
-1.172464 4.981910 0.067854
-1.336249 4.967896 0.046810
-1.243521 4.702221 -0.080358
-1.156920 5.031214 0.278330
-1.021407 4.769720 0.392285
-1.021407 4.769720 0.392285
-1.156920 5.031214 0.278330
-1.172464 4.981910 0.067854
-1.047806 4.715280 -0.036887
-1.402984 4.995910 0.088269
-1.439244 4.728286 0.005318
-1.439244 4.728286 0.005318
-1.402984 4.995910 0.088269
-1.390486 5.019601 0.242906
-1.418026 4.757778 0.319848
-1.396173 4.566594 0.329868
-1.207690 4.573214 0.422006
-1.044299 4.524594 -0.026894
-1.230316 4.511757 -0.070376
-1.019205 4.578367 0.402313
-1.019205 4.578367 0.402313
-1.044299 4.524594 -0.026894
-1.416338 4.537373 0.015324
-1.416338 4.537373 0.015324
-1.396173 4.566594 0.329868
-1.409752 4.458349 0.304914
-1.221265 4.463556 0.372929
-1.057878 4.423204 0.041716
-1.243893 4.411849 0.009712
-1.032784 4.468457 0.358327
-1.032784 4.468457 0.358327
-1.057878 4.423204 0.041716
-1.429913 4.434511 0.072791
-1.429913 4.434511 0.072791
-1.409752 4.458349 0.304914
-1.441885 5.654703 0.090043
-1.441883 5.947081 0.085312
-1.249673 5.946342 0.169917
-1.249673 5.664673 0.237954
-0.992462 5.608728 -0.236271
-0.992463 5.929720 -0.243765
-1.278576 5.918083 -0.284581
-1.278578 5.592458 -0.297272
-1.249673 5.664673 0.237954
-1.249673 5.946342 0.169917
-0.960420 5.954610 0.152434
-0.960419 5.668054 0.156254
-1.467646 5.941417 -0.204119
-1.467647 5.623838 -0.197792
-1.390486 5.019601 0.242906
-1.322227 5.024168 0.288277
-1.172464 4.981910 0.067854
-1.278578 5.592458 -0.297272
-1.336249 4.967896 0.046810
-1.322227 5.024168 0.288277
-1.156920 5.031214 0.278330
-1.336249 4.967896 0.046810
-1.402984 4.995910 0.088269
-1.371557 7.247136 -0.256405
-1.384367 7.537452 -0.449425
-1.360586 7.619265 0.024447
-1.353877 7.240029 0.070571
-1.267475 7.965178 -0.359139
-1.257422 7.997653 -0.023395
-1.267475 7.965178 -0.359139
-1.155247 8.115653 -0.310908
-1.257422 7.997653 -0.023395
-1.154811 8.114158 -0.061590
-1.335228 7.268018 -0.478255
-0.911314 7.260933 -0.493080
-0.942838 7.530521 -0.477836
-1.353877 7.240029 0.070571
-0.941494 7.501596 0.198063
-0.876925 7.239760 0.116778
-1.360586 7.619265 0.024447
-0.940957 8.025702 -0.488234
-1.257422 7.997653 -0.023395
-0.940420 8.063582 0.198063
-0.940957 8.025702 -0.488234
-0.941763 8.197192 -0.363453
-0.940957 8.195815 -0.009906
-0.940420 8.063582 0.198063
-1.155607 6.853894 0.219664
-0.882546 6.728481 0.167827
-0.918895 6.749602 -0.364370
-1.250783 6.839790 -0.517231
-1.413097 6.756669 -0.328692
-1.374278 6.728754 0.051651
-1.374278 6.728754 0.051651
-0.974124 6.526566 -0.394901
-1.357664 6.516784 0.073295
-1.200746 6.505836 0.156517
-1.225413 6.519433 -0.436172
-0.946776 6.516500 0.140076
-1.379649 6.533910 -0.354780
-1.357664 6.516784 0.073295
-1.441867 6.371288 0.094544
-1.357664 6.516784 0.073295
-1.200746 6.505836 0.156517
-1.202741 6.360433 0.249512
-0.904860 6.380876 -0.423794
-1.237276 6.373806 -0.509936
-1.202741 6.360433 0.249512
-0.866571 6.371007 0.171611
-1.472649 6.388154 -0.377494
-1.441867 6.371288 0.094544
-1.495939 6.016517 0.130812
-1.256812 6.015769 0.236909
-0.958931 5.998819 -0.281860
-1.291348 5.986954 -0.333044
-1.256812 6.015769 0.236909
-0.920643 6.024194 0.214986
-1.526723 6.010746 -0.232146
-1.495939 6.016517 0.130812
-1.441883 5.947081 0.085312
-1.249673 5.946342 0.169917
-0.992463 5.929720 -0.243765
-1.278576 5.918083 -0.284581
-1.249673 5.946342 0.169917
-0.960420 5.954610 0.152434
-1.467646 5.941417 -0.204119
-1.441883 5.947081 0.085312
-0.899011 5.024672 0.042086
-1.026153 3.307533 -0.321859
-0.601865 5.024150 -0.324175
-0.046002 3.167598 0.055953
0.000000 4.865363 0.537745
0.000000 4.907067 0.102744
-0.153504 3.100055 0.447625
-0.407636 4.891292 0.576219
-0.633545 3.150221 0.503431
-1.050505 3.262774 0.382462
-0.751336 4.993477 0.455251
-1.050505 3.262774 0.382462
-0.751336 4.993477 0.455251
-0.577566 3.295960 -0.559867
-0.361492 5.023605 -0.396959
0.000000 5.025027 -0.387716
-0.156861 3.297526 -0.550626
-0.295785 2.727757 0.277651
-0.232323 2.782026 -0.056389
-0.579165 2.763946 0.311812
-0.931072 2.875475 -0.109434
-0.825309 2.845139 0.237762
-0.825309 2.845139 0.237762
-1.050505 3.262774 0.382462
-0.633545 3.150221 0.503431
-0.579165 2.763946 0.311812
-0.653075 2.874629 -0.378193
-0.297766 2.875757 -0.372536
-0.291200 2.102932 0.049213
-0.295785 2.727757 0.277651
-0.232323 2.782026 -0.056389
-0.211587 2.204557 -0.310014
-0.646699 2.217131 0.135733
-0.579165 2.763946 0.311812
-0.295785 2.727757 0.277651
-0.291200 2.102932 0.049213
-0.955486 2.203526 -0.034447
-0.931072 2.875475 -0.109434
-0.825309 2.845139 0.237762
-1.006699 2.204815 -0.312183
-0.825309 2.845139 0.237762
-0.955486 2.203526 -0.034447
-0.712197 2.214068 -0.707977
-0.653075 2.874629 -0.378193
-0.297766 2.875757 -0.372536
-0.293683 2.203150 -0.593583
-0.500362 0.483362 -0.277679
-0.464108 0.547725 -0.477539
-0.627549 0.502600 -0.252523
-0.500362 0.483362 -0.277679
-0.757267 0.547885 -0.478753
-0.738384 0.547084 -0.307057
-0.738384 0.547084 -0.307057
-0.609250 0.553640 -0.621360
-0.494376 0.554241 -0.617195
-0.431744 0.016035 0.429757
-0.874815 0.016035 0.510448
-0.505401 0.007041 0.614833
-0.955844 0.016035 0.429757
-0.426406 0.016035 0.222369
-0.955844 0.016035 0.124387
-0.445127 0.015240 -0.601296
-0.855865 0.015240 -0.601296
-0.568206 0.015240 -0.717850
-0.761668 0.015240 -0.717850
-0.462068 0.365004 -0.140259
-0.500362 0.483362 -0.277679
-0.464108 0.547725 -0.477539
-0.421514 0.427842 -0.429488
-0.643166 0.384175 -0.103856
-0.627549 0.502600 -0.252523
-0.500362 0.483362 -0.277679
-0.462068 0.365004 -0.140259
-0.826556 0.428003 -0.431249
-0.757267 0.547885 -0.478753
-0.738384 0.547084 -0.307057
-0.800466 0.427202 -0.182776
-0.800466 0.427202 -0.182776
-0.738384 0.547084 -0.307057
-0.622051 0.433720 -0.637624
-0.609250 0.553640 -0.621360
-0.494376 0.554241 -0.617195
-0.463335 0.434317 -0.631599
-0.463335 0.434317 -0.631599
-0.494376 0.554241 -0.617195
-0.609250 0.553640 -0.621360
-0.622051 0.433720 -0.637624
-0.505401 0.007041 0.614833
-0.516077 0.153194 0.623799
-0.442420 0.119466 0.429757
-0.431744 0.016035 0.429757
-0.437082 0.127336 0.231335
-0.426406 0.016035 0.222369
-0.452373 0.133183 -0.583364
-0.445127 0.015240 -0.601296
-0.452373 0.133183 -0.583364
-0.575452 0.159886 -0.717850
-0.445127 0.015240 -0.601296
-0.568206 0.015240 -0.717850
-0.945168 0.119466 0.429757
-0.864138 0.162187 0.519414
-0.874815 0.016035 0.510448
-0.955844 0.016035 0.429757
-0.945168 0.127336 0.133353
-0.955844 0.016035 0.124387
-0.848619 0.133183 -0.583364
-0.855865 0.015240 -0.601296
-0.754422 0.159886 -0.717850
-0.761668 0.015240 -0.717850
-0.754422 0.159886 -0.717850
-0.761668 0.015240 -0.717850
-0.505401 0.007041 0.614833
-0.864138 0.162187 0.519414
-0.516077 0.153194 0.623799
-0.874815 0.016035 0.510448
-0.516077 0.153194 0.623799
-0.852569 0.258229 0.293715
-0.494909 0.244739 0.293715
-0.864138 0.162187 0.519414
-0.852569 0.258229 0.293715
-0.494909 0.244739 0.293715
-0.128419 8.511672 0.545629
-0.293238 8.528171 0.309072
-0.259971 8.640746 0.334327
-0.259971 8.640746 0.334327
-0.293238 8.528171 0.309072
-0.296704 8.726851 0.057403
0.000000 8.146344 0.493676
0.000000 8.489095 0.545629
-0.321872 8.254926 0.291649
-0.371784 8.389874 -0.042257
-0.321872 8.254926 0.291649
-0.152314 8.747645 -0.056194
0.000000 8.462893 -0.190839
0.000000 8.752351 -0.084844
0.000000 8.530683 0.746995
-0.161679 8.540698 0.650436
-0.213492 8.860097 0.688460
0.000000 8.814132 0.800472
0.000000 8.883079 0.823981
0.000000 8.979724 0.800472
-0.223244 8.995046 0.664097
0.000000 9.368596 0.727227
-0.184235 9.148946 0.688224
-0.174483 9.367640 0.603809
0.000000 9.148946 0.746995
0.000000 9.368596 0.727227
-0.184235 9.487267 0.524201
0.000000 9.542661 0.612357
-0.174483 9.367640 0.603809
0.000000 8.489095 0.545629
-0.128419 8.511672 0.545629
-0.259971 8.640746 0.334327
-0.288688 9.321834 0.505028
-0.282385 9.088237 0.604782
-0.223244 8.995046 0.664097
-0.326188 8.980578 0.576495
-0.282385 9.088237 0.604782
-0.213492 8.860097 0.688460
-0.294783 8.844773 0.591848
-0.294783 8.844773 0.591848
-0.361829 8.979709 0.282769
-0.259971 8.640746 0.334327
-0.314614 8.727977 0.285113
-0.375658 9.094958 0.290629
-0.288688 9.321834 0.505028
-0.360884 9.316415 0.290629
-0.288688 9.321834 0.505028
-0.287029 9.476333 0.300649
-0.360884 9.316415 0.290629
-0.171223 9.570329 0.417262
0.000000 9.589480 0.397156
-0.183413 9.555207 0.064156
0.000000 9.588725 0.064156
-0.293124 9.469026 0.059381
-0.360170 9.330173 0.059381
-0.360170 9.330173 0.059381
-0.390646 9.109923 0.059381
-0.354075 8.975860 0.059381
-0.296704 8.726851 0.057403
-0.154596 9.484832 -0.037093
-0.185072 9.331614 -0.070519
-0.185072 9.331614 -0.070519
-0.215547 9.111367 -0.094394
-0.227737 8.967727 -0.080069
-0.152314 8.747645 -0.056194
0.000000 8.958152 -0.127820
0.000000 8.752351 -0.084844
0.000000 9.130519 -0.151696
0.000000 9.345979 -0.137370
0.000000 9.345979 -0.137370
0.000000 9.503983 -0.070519
0.184235 9.148946 0.688224
0.223244 8.995046 0.664097
0.282385 9.088237 0.604782
1.057878 4.423204 0.041716
1.221265 4.463556 0.372929
1.409752 4.458349 0.304914
1.243893 4.411849 0.009712
1.032784 4.468457 0.358327
1.429913 4.434511 0.072791
1.322227 5.024168 0.288277
1.390486 5.019601 0.242906
1.418026 4.757778 0.319848
1.219716 4.764437 0.411984
1.336249 4.967896 0.046810
1.172464 4.981910 0.067854
1.047806 4.715280 -0.036887
1.243521 4.702221 -0.080358
1.156920 5.031214 0.278330
1.021407 4.769720 0.392285
1.172464 4.981910 0.067854
1.156920 5.031214 0.278330
1.021407 4.769720 0.392285
1.047806 4.715280 -0.036887
1.402984 4.995910 0.088269
1.439244 4.728286 0.005318
1.390486 5.019601 0.242906
1.402984 4.995910 0.088269
1.439244 4.728286 0.005318
1.418026 4.757778 0.319848
1.396173 4.566594 0.329868
1.207690 4.573214 0.422006
1.044299 4.524594 -0.026894
1.230316 4.511757 -0.070376
1.019205 4.578367 0.402313
1.019205 4.578367 0.402313
1.044299 4.524594 -0.026894
1.416338 4.537373 0.015324
1.416338 4.537373 0.015324
1.396173 4.566594 0.329868
1.409752 4.458349 0.304914
1.221265 4.463556 0.372929
1.057878 4.423204 0.041716
1.243893 4.411849 0.009712
1.032784 4.468457 0.358327
1.032784 4.468457 0.358327
1.057878 4.423204 0.041716
1.429913 4.434511 0.072791
1.429913 4.434511 0.072791
1.409752 4.458349 0.304914
1.249673 5.946342 0.169917
1.441883 5.947081 0.085312
1.441885 5.654703 0.090043
1.249673 5.664673 0.237954
1.278576 5.918083 -0.284581
0.992463 5.929720 -0.243765
0.992462 5.608728 -0.236271
1.278578 5.592458 -0.297272
0.960419 5.954610 0.152434
1.249673 5.946342 0.169917
1.249673 5.664673 0.237954
0.960419 5.668054 0.156254
1.467646 5.941417 -0.204119
1.467647 5.623838 -0.197792
1.390486 5.019601 0.242906
1.322227 5.024168 0.288277
1.172464 4.981910 0.067854
1.336249 4.967896 0.046810
1.278578 5.592458 -0.297272
1.322227 5.024168 0.288277
1.156920 5.031214 0.278330
1.336249 4.967896 0.046810
1.402984 4.995910 0.088269
1.360586 7.619265 0.024447
1.384367 7.537452 -0.449425
1.371557 7.247136 -0.256405
1.353877 7.240029 0.070571
1.267475 7.965178 -0.359139
1.257422 7.997653 -0.023395
1.257422 7.997653 -0.023395
1.155247 8.115653 -0.310908
1.267475 7.965178 -0.359139
1.154811 8.114158 -0.061590
0.942837 7.530521 -0.477836
0.911314 7.260933 -0.493080
1.335228 7.268018 -0.478255
0.876925 7.239760 0.116778
0.941494 7.501596 0.198063
1.353877 7.240029 0.070571
1.360586 7.619265 0.024447
0.940957 8.025702 -0.488234
0.940419 8.063582 0.198063
1.257422 7.997653 -0.023395
0.941763 8.197192 -0.363453
0.940957 8.025702 -0.488234
0.940957 8.195815 -0.009906
0.940419 8.063582 0.198063
1.155607 6.853894 0.219664
0.882545 6.728481 0.167827
0.918895 6.749602 -0.364370
1.250783 6.839790 -0.517231
1.413097 6.756669 -0.328692
1.374278 6.728754 0.051651
1.374278 6.728754 0.051651
0.974124 6.526566 -0.394901
1.357664 6.516784 0.073295
1.200746 6.505836 0.156517
1.225413 6.519433 -0.436172
0.946776 6.516500 0.140076
1.379649 6.533910 -0.354780
1.357664 6.516784 0.073295
1.200746 6.505836 0.156517
1.357664 6.516784 0.073295
1.441867 6.371288 0.094544
1.202741 6.360433 0.249512
0.904860 6.380876 -0.423794
1.237276 6.373806 -0.509936
1.202741 6.360433 0.249512
0.866570 6.371007 0.171611
1.472649 6.388154 -0.377494
1.441867 6.371288 0.094544
1.495939 6.016517 0.130812
1.256812 6.015769 0.236909
0.958931 5.998819 -0.281860
1.291348 5.986954 -0.333044
1.256812 6.015769 0.236909
0.920643 6.024194 0.214986
1.526723 6.010746 -0.232146
1.495939 6.016517 0.130812
1.441883 5.947081 0.085312
1.249673 5.946342 0.169917
0.992463 5.929720 -0.243765
1.278576 5.918083 -0.284581
1.249673 5.946342 0.169917
0.960419 5.954610 0.152434
1.467646 5.941417 -0.204119
1.441883 5.947081 0.085312
0.601865 5.024150 -0.324175
1.026153 3.307533 -0.321859
0.899011 5.024672 0.042086
0.046002 3.167598 0.055953
0.153504 3.100055 0.447625
0.407636 4.891292 0.576219
0.633545 3.150221 0.503431
0.751336 4.993477 0.455251
1.050505 3.262774 0.382462
0.751336 4.993477 0.455251
1.050505 3.262774 0.382462
0.361492 5.023605 -0.396959
0.577566 3.295960 -0.559867
0.156861 3.297526 -0.550626
0.295785 2.727757 0.277651
0.232323 2.782026 -0.056389
0.579165 2.763946 0.311812
0.931072 2.875475 -0.109434
0.825309 2.845139 0.237762
0.633545 3.150221 0.503431
1.050505 3.262774 0.382462
0.825309 2.845139 0.237762
0.579165 2.763946 0.311812
0.653075 2.874629 -0.378193
0.297766 2.875757 -0.372536
0.232323 2.782026 -0.056389
0.295785 2.727757 0.277651
0.291199 2.102932 0.049213
0.211586 2.204557 -0.310014
0.295785 2.727757 0.277651
0.579165 2.763946 0.311812
0.646699 2.217131 0.135733
0.291199 2.102932 0.049213
0.825309 2.845139 0.237762
0.931072 2.875475 -0.109434
0.955485 2.203526 -0.034447
1.006699 2.204815 -0.312183
0.825309 2.845139 0.237762
0.955485 2.203526 -0.034447
0.653075 2.874629 -0.378193
0.712197 2.214068 -0.707977
0.297766 2.875757 -0.372536
0.293682 2.203150 -0.593583
0.500362 0.483362 -0.277679
0.464107 0.547725 -0.477539
0.627549 0.502600 -0.252523
0.500362 0.483362 -0.277679
0.757267 0.547885 -0.478753
0.738384 0.547084 -0.307057
0.738384 0.547084 -0.307057
0.609249 0.553640 -0.621360
0.494376 0.554241 -0.617195
0.505400 0.007041 0.614833
0.874815 0.016035 0.510448
0.431743 0.016035 0.429757
0.955844 0.016035 0.429757
0.426405 0.016035 0.222369
0.955844 0.016035 0.124387
0.445127 0.015240 -0.601296
0.855864 0.015240 -0.601296
0.568206 0.015240 -0.717850
0.761668 0.015240 -0.717850
0.464107 0.547725 -0.477539
0.500362 0.483362 -0.277679
0.462068 0.365004 -0.140259
0.421514 0.427842 -0.429488
0.500362 0.483362 -0.277679
0.627549 0.502600 -0.252523
0.643165 0.384175 -0.103856
0.462068 0.365004 -0.140259
0.738384 0.547084 -0.307057
0.757267 0.547885 -0.478753
0.826555 0.428003 -0.431249
0.800466 0.427202 -0.182776
0.738384 0.547084 -0.307057
0.800466 0.427202 -0.182776
0.609249 0.553640 -0.621360
0.622051 0.433720 -0.637624
0.494376 0.554241 -0.617195
0.463335 0.434317 -0.631599
0.609249 0.553640 -0.621360
0.494376 0.554241 -0.617195
0.463335 0.434317 -0.631599
0.622051 0.433720 -0.637624
0.442420 0.119466 0.429757
0.516077 0.153194 0.623799
0.505400 0.007041 0.614833
0.431743 0.016035 0.429757
0.437082 0.127336 0.231335
0.426405 0.016035 0.222369
0.452373 0.133183 -0.583364
0.445127 0.015240 -0.601296
0.445127 0.015240 -0.601296
0.575452 0.159886 -0.717850
0.452373 0.133183 -0.583364
0.568206 0.015240 -0.717850
0.874815 0.016035 0.510448
0.864138 0.162187 0.519414
0.945167 0.119466 0.429757
0.955844 0.016035 0.429757
0.945167 0.127336 0.133353
0.955844 0.016035 0.124387
0.848618 0.133183 -0.583364
0.855864 0.015240 -0.601296
0.754421 0.159886 -0.717850
0.761668 0.015240 -0.717850
0.754421 0.159886 -0.717850
0.761668 0.015240 -0.717850
0.516077 0.153194 0.623799
0.864138 0.162187 0.519414
0.505400 0.007041 0.614833
0.874815 0.016035 0.510448
0.494909 0.244739 0.293715
0.852568 0.258229 0.293715
0.516077 0.153194 0.623799
0.864138 0.162187 0.519414
0.852568 0.258229 0.293715
0.494909 0.244739 0.293715
0.259971 8.640746 0.334327
0.293238 8.528171 0.309072
0.128419 8.511672 0.545629
0.296703 8.726851 0.057403
0.293238 8.528171 0.309072
0.259971 8.640746 0.334327
0.321872 8.254926 0.291649
0.371784 8.389874 -0.042257
0.321872 8.254926 0.291649
0.152314 8.747645 -0.056194
0.213491 8.860097 0.688460
0.161679 8.540698 0.650436
0.223244 8.995046 0.664097
0.174483 9.367640 0.603809
0.184235 9.148946 0.688224
0.184235 9.487267 0.524201
0.174483 9.367640 0.603809
0.128419 8.511672 0.545629
0.259971 8.640746 0.334327
0.288688 9.321834 0.505028
0.282385 9.088237 0.604782
0.282385 9.088237 0.604782
0.326188 8.980578 0.576495
0.223244 8.995046 0.664097
0.213491 8.860097 0.688460
0.294783 8.844773 0.591848
0.294783 8.844773 0.591848
0.361829 8.979709 0.282769
0.314614 8.727977 0.285113
0.259971 8.640746 0.334327
0.375658 9.094958 0.290629
0.288688 9.321834 0.505028
0.360883 9.316415 0.290629
0.288688 9.321834 0.505028
0.287029 9.476333 0.300649
0.360883 9.316415 0.290629
0.171222 9.570329 0.417262
0.183412 9.555207 0.064156
0.293124 9.469026 0.059381
0.360170 9.330173 0.059381
0.360170 9.330173 0.059381
0.390645 9.109923 0.059381
0.354075 8.975860 0.059381
0.296703 8.726851 0.057403
0.154596 9.484832 -0.037093
0.185071 9.331614 -0.070519
0.185071 9.331614 -0.070519
0.215547 9.111367 -0.094394
0.227737 8.967727 -0.080069
0.152314 8.747645 -0.056194
-0.940957 8.195815 -0.009906
-0.941763 8.197192 -0.363453
-0.371784 8.389874 -0.042257
-0.696216 5.991531 0.031688
-0.438334 6.024806 -0.269867
-0.687897 6.222376 0.000492
-0.496566 6.261891 -0.280265
-0.787722 6.422025 0.000492
-0.563116 6.409548 -0.280265
-0.911314 7.260933 -0.493080
-0.876925 7.239760 0.116778
-0.305234 6.015793 -0.327636
-0.321872 6.261198 -0.400425
-0.330191 6.437971 -0.400425
-0.405059 7.465337 -0.597995
-0.942838 7.530521 -0.477836
-0.940957 8.025702 -0.488234
-0.413378 7.974860 -0.618792
-0.413378 8.192534 -0.477836
0.000000 6.014702 -0.311019
0.000000 6.264265 -0.318582
0.000000 6.423077 -0.318582
0.000000 7.497919 -0.512497
0.000000 8.105187 -0.501405
0.000000 8.238288 -0.412672
0.000000 8.462893 -0.190839
-0.752178 5.864669 0.011080
-0.502616 5.864669 -0.306545
-0.321116 5.864669 -0.389733
0.000000 5.864669 -0.397295
-0.800839 5.744725 -0.007826
-0.529841 5.747578 -0.317574
-0.859995 5.354668 0.042086
-0.554797 5.336395 -0.361940
-0.321872 5.744012 -0.439186
-0.321872 5.345901 -0.457012
0.000000 5.338294 -0.457039
0.000000 5.748289 -0.451097
-0.899011 5.024672 0.042086
-0.601865 5.024150 -0.324175
-0.361492 5.023605 -0.396959
0.000000 5.025027 -0.387716
0.371784 8.389874 -0.042257
0.941763 8.197192 -0.363453
0.940957 8.195815 -0.009906
0.687896 6.222376 0.000492
0.438334 6.024806 -0.269867
0.696215 5.991531 0.031688
0.496565 6.261891 -0.280265
0.787722 6.422025 0.000492
0.563115 6.409548 -0.280265
0.911314 7.260933 -0.493080
0.876925 7.239760 0.116778
0.321872 6.261198 -0.400425
0.305234 6.015793 -0.327636
0.330190 6.437971 -0.400425
0.405059 7.465337 -0.597995
0.942837 7.530521 -0.477836
0.940957 8.025702 -0.488234
0.413378 7.974860 -0.618792
0.413378 8.192534 -0.477836
0.752178 5.864669 0.011080
0.502615 5.864669 -0.306545
0.321115 5.864669 -0.389733
0.800839 5.744725 -0.007826
0.529840 5.747578 -0.317574
0.554797 5.336395 -0.361940
0.859995 5.354668 0.042086
0.321872 5.744012 -0.439186
0.321872 5.345901 -0.457012
0.899011 5.024672 0.042086
0.601865 5.024150 -0.324175
0.361492 5.023605 -0.396959
-0.463291 6.197420 0.614000
0.000000 6.229308 0.717985
0.000000 5.958949 0.728383
-0.504884 5.992225 0.603602
-0.619153 6.415787 0.701187
0.000000 6.401923 0.842766
-0.784669 7.166095 0.520580
-0.615258 7.154043 0.701975
0.000000 7.159524 0.827911
-0.615258 7.439398 0.732592
-0.784669 7.457649 0.556396
-0.763176 8.125144 0.272909
0.000000 8.146344 0.493676
0.000000 7.440513 0.853330
-0.621347 6.241787 0.156469
-0.637984 5.975587 0.200836
-0.729491 6.424799 0.156469
-0.851133 7.242640 0.156469
-0.941494 7.501596 0.198063
-0.940420 8.063582 0.198063
-0.321872 8.254926 0.291649
-0.940957 8.195815 -0.009906
-0.371784 8.389874 -0.042257
-0.687897 6.222376 0.000492
-0.696216 5.991531 0.031688
-0.787722 6.422025 0.000492
-0.876925 7.239760 0.116778
0.000000 5.864669 0.734559
-0.517741 5.864669 0.605997
-0.706803 5.864669 0.199134
-0.752178 5.864669 0.011080
-0.752178 5.864669 0.011080
0.000000 5.368994 0.649355
-0.529841 5.355210 0.525393
-0.756846 5.346851 0.404362
-0.739658 5.739259 0.220372
-0.859995 5.354668 0.042086
-0.800839 5.744725 -0.007826
0.000000 4.865363 0.537745
-0.407636 4.891292 0.576219
-0.751336 4.993477 0.455251
-0.899011 5.024672 0.042086
0.463290 6.197420 0.614000
0.504884 5.992225 0.603602
0.619153 6.415787 0.701187
0.615258 7.154043 0.701975
0.784669 7.166095 0.520580
0.615258 7.439398 0.732592
0.784669 7.457649 0.556396
0.763176 8.125144 0.272909
0.621347 6.241787 0.156469
0.637984 5.975587 0.200836
0.729490 6.424799 0.156469
0.851133 7.242640 0.156469
0.941494 7.501596 0.198063
0.940419 8.063582 0.198063
0.321872 8.254926 0.291649
0.940957 8.195815 -0.009906
0.371784 8.389874 -0.042257
0.687896 6.222376 0.000492
0.696215 5.991531 0.031688
0.787722 6.422025 0.000492
0.876925 7.239760 0.116778
0.517740 5.864669 0.605997
0.706803 5.864669 0.199134
0.752178 5.864669 0.011080
0.529840 5.355210 0.525393
0.756846 5.346851 0.404362
0.739658 5.739259 0.220372
0.859995 5.354668 0.042086
0.800839 5.744725 -0.007826
0.407636 4.891292 0.576219
0.751336 4.993477 0.455251
0.899011 5.024672 0.042086
1.338774 4.674996 0.428523
1.328862 4.617745 0.423514
1.264791 4.674996 0.428523
1.338774 4.770682 -0.665169
1.264791 4.770682 -0.665169
1.328862 4.713431 -0.670179
1.301782 4.575836 0.419847
1.301782 4.671521 -0.673846
1.264791 4.560493 0.418505
1.264791 4.656180 -0.675187
1.227799 4.575836 0.419847
1.227799 4.671521 -0.673846
1.200719 4.617745 0.423514
1.200719 4.713431 -0.670179
1.190808 4.674996 0.428523
1.190808 4.770682 -0.665169
1.200719 4.732250 0.433532
1.200719 4.827935 -0.660161
1.227799 4.774161 0.437198
1.227799 4.869845 -0.656495
1.264791 4.789502 0.438540
1.264791 4.885186 -0.655153
1.301782 4.774161 0.437198
1.301782 4.869845 -0.656495
1.328862 4.732250 0.433532
1.328862 4.827935 -0.660161
1.476973 4.672619 0.455703
1.448545 4.552920 0.445229
1.264791 4.672619 0.455703
1.476973 4.675107 0.427255
1.264791 4.675107 0.427255
1.448545 4.555408 0.416781
1.370882 4.465293 0.437565
1.370882 4.467785 0.409115
1.264791 4.433218 0.434758
1.264791 4.435709 0.406309
1.158700 4.465293 0.437565
1.158700 4.467785 0.409115
1.081036 4.552920 0.445229
1.081036 4.555408 0.416781
1.052609 4.672619 0.455703
1.052609 4.675107 0.427255
1.081036 4.792320 0.466175
1.081036 4.794807 0.437727
1.158700 4.879942 0.473842
1.158700 4.882432 0.445393
1.264791 4.912019 0.476647
1.264791 4.914507 0.448199
1.370882 4.879942 0.473842
1.370882 4.882432 0.445393
1.448545 4.792320 0.466175
1.448545 4.794807 0.437727
1.261536 4.581300 0.437204
1.261536 4.321699 3.971769
1.286306 4.769488 0.453668
1.286306 4.445768 4.153800
1.236766 4.769488 0.453668
1.236766 4.445768 4.153800
